$ANSIBLE_VAULT;1.1;AES256
39396533653030303832303338643639313765313730393035633864353530623065613961356134
3966616431643637353264303530306565393266646139640a303666623635326632313065663163
63613736623364306335623563363437353438353566663538626334393765373539323264633937
6636613530366239660a396239383138323436306437323834323536326661343562653738393762
61313835616463646264616266636435633933313761376335396633393537333932653132316634
36646331316563303336323232383865346234323865623431363635386263393463373036326230
66336337663031623038343839376662306532653432343635663466613363363630653164663833
38663032386631383430633230633739313265663130636330373561663764376365373565303631
65393632313434643430613738653565373866386337353538333365653736333537643032613334
35396133343130323333656530633637346138383731333366343530333036613533343534613734
35303838303430313865306230323632393839346362633037383761386234323135316661303535
63336466666631326636383036643238653564303939333530666138316331653931393163333037
36616334386634633563633766366438323232323263393535356663393937343536633735353662
65323565303136306330333637616165356232386166336133333436346333653735643532396235
34303531363933373365666434623233376337653635663165316338393236373031313537333438
38366465656330663861663039323237346362306635383564333635393638396264626666323731
35393237346563353662666230633365383039363162333732333938316662383333383432653464
30646534346433396234356561643062356636303462643866663330646663613062333065313964
62633932343939653132353435633465313935646565653837366261666238323635643737643632
64626265346534613664303966366162326265623732373430333539323332356461316361623230
32346535313861623266303662356463633364313361353764643133653835636434616165663263
64646163313937623334633334346161303535316265316262366338666163656630343161623639
33616634313533386330316164333930376437356334616265396134363430623639666137336362
39646566653030336138626261646463366537383762386261636433626135366161663034613736
38366264663334353663656434386236323963336437633031306433623462323031306230343738
30633365653436333738323064316163636139373431323735626239353337333838323836306138
30646535306233386264353733633838386361656238623938386331633165303534363233393337
36636266393365303238633530386365363936643266313239353731613131616435396232343765
63316132336365363730646431643262633138616133383134396630363134666261336361373861
62616665626136336264373132633131666539353333316133336238363862383436646261653939
39636439623739343035303130336261306534303266653461663133373432653661333861613661
39626630393535313530613334666439336432306461386437346661383965346432393639636233
63366563396537373839333737396261646335353863356531616536393339656466353431633762
32636630373661366566363361663164643039343132323137356438353066656130336136653739
38333331663661306163656337326430613064306134633336393265626361356430333438653165
62633539333930613564366632623834323133383039633936303139353434323630393432633963
61363163623364613937656666353731393631386532343831313531623365323338633165326135
34643636343662383933633762376363363135346233666132396232663031623932306535366234
31633939633763343832636638303130666539333165396563343135303936616137643131376538
32663439656563313539376533656161616563666161323362653932666330333034306637623330
36333431653761343766613962373563653130623365643435323930343863393732353332366237
37333361353065633337393235353039666366343330663332316366363231393932663534626565
34316164353565626532373337353466623434646238313361373666623065383131323265626464
38356563656230653461386239366436323463366530663539613066393665633630306463666232
31313964303936303163393863373564653730653331316563613931323166643361306438323637
65353836636434623638633431356435616330636336616338373935616365323866373433313432
65646364313565393465383833373139313065613733303164663333386264353032656334366437
62336332333663643739373933363330663339643634313034343338373832303737353235383837
38373735656466346164336430316338353536643334653038376162363365663437653836316438
36376364306262626634353464323633336439316138313737303535353764646166633136356238
62303630336330346431393864636634386531306135343361303232346532653633666464373131
37326164333932383861303032613865343430353164353863656461633639613935333735626333
64333861363032323935646637343566626135356530313138353862386266346163303737393835
64383166633433613938313165306661323936666266353362323436626635653036373465363061
63306465386432666332643864353333636462346165626236623931396265646164353265383038
65646538633062363134663931363032613534636261363166373937363437643664303966326134
61313035323664336336666234623961376337313064656432663339663434326639616431383865
34383833386532363563336332376330383038343139313665653339653463333164316262323933
64643430363463346134656539663730656535373236366133666166313738643866653432613231
36343731316163383636373335333338356435613430306231383931653161353533343639663038
63653735623031613237336339363432303032333635333931323530316338363666633364623662
36333832653032393638333233316335623566323837323836653765353337303338363432623737
32633934363362626634636636616666616665383738363063373064383131316135333935643236
38366339666362356132636235366261613763306431366536343935353064363933326437363565
32616165333138393536633536616130313036386239356562316434363631626261373334366433
62336331386538623531386535613434383135626635663533386335373863613863316235323262
31313365303563376664653032356630333533366461333737646233373530613839663034383937
64656331353761653133616439306137633265326532313131653439386163656636363939303034
64623662343234326439633662396535316563326332666139306134306336363164313834653831
63613764636536636364613832363638313537323336343039373231346635333237386266346532
37376162353531393539323835653464333739343538363837313730316364656534643030646532
32393433323362373462363466383736376338353334643832666135303339623361653737643439
32376632626336386139306664366637363563386335373838386365323233366436663236353266
32363137356264323432636433313132363365363030363035383538666637613230346138636334
33323134313665613534363264393563363838313866303439303733646435643866643466623136
30663032303366663064383639323030356339613039363936646432373436363366656439323664
32343935353764383932626339343734316630616461326538666565646261393734313030626664
37356166373565353330333438303437333832333962396566346265346265393164346139386164
33376464356462643036373465306237306264646239353365303134343737393966313234333436
64656434306330323835623663613561353030643736343535333431353436633238326131303763
66316538386263336233386436643938396434643535363535383266323135343531313333393333
63323563663436353139353261663033386361356335303631636562646435303061396262316334
39396139616264346630373666373536393234313639323466313464666661653131613261633366
35623264626164326431643137636262656538643239626132373235323430343436373832643538
64396635316437613731626166306263343936643436306464626265313533393939356535363464
38633966323234646639323263636633396336653537373936623666323332346436393130306436
36646334376666316564646333336261316536373032353565336236383361366565326662656634
61323630646665626633643535643734353763623563653334346664646565633939306432303330
63643131333763326161663638333736373736363636623435636338356336343538646332316463
31363662326333323832353664386232356433366433316234313439316339353231616336636235
34313537333764393434663064363438313765343933333465386263396232316364396630333061
35303331333963306234643238396664633937316265633732343932333335386335336534373837
64633634373763666164343338316330666336386439623734373965323766306463353663356132
64623433303365633162636561353932366131393537643066313937323631626636306363316233
35666262656265343463656132326131633634363263396265366638653231363333636233313661
38323662613064393030656365623135336365623263383865366137633839636661306130646539
37366132636464376531346433396238363362393065653737613061633330306438386438636237
30623865343531633632363864386533666664666136386234626462666462616230623962306461
32653434646134396264323032613330636235666130646134663961346264376532323062633061
34303066623565373565346639356663316461333265646465646136643634613364663133326461
32383263633837613733316466633133376262323434373831363333353333653637636563396662
36373234656633343262383361363430656535663631656535386332643564653065323335333634
36623663626534663963356330633161303730356236306233373463396134316434366233323063
37623566303165633564353064636531616163343134653833343238613136323539343362316466
33323036366638343662313961333139386232303036653738316133323264363764616438383263
65663237613333393836653566653637666464663665643662643930643736316439346138646339
38343636313138643264613830326435353331356435656131333634663966316564616337393539
37373731323631666230316664346332626363383764316130656239386566373763646636366438
35356633383033333036363865313036626361613030366138373563653461353461616366656665
35623666376363336631366466366164666131366438613761663233383734636233313937396438
39636364613534366135303764373166636536316532386234626539636332656263316135616362
64316537316534336161653130353464323037626630653437373165633431353033366537373436
65616562353139383036383564306363343133643134356632663066313933613933663564366164
31323138373836343834373934383735346533326461643262346134383536346131353237356132
32363937393933313232343864343661633263623333616364383465626232663439333865303838
65333966616535383766353534386632366666356533666461656534376535386465356636383033
38376238663465303161316366326537363265636433383732316231343939363235643935653664
31343132396431623162623530326434646639616231666661333534316336363239363033303336
66346466663234373464306234386637663930366135383230313538383638306539636462343732
32336234626537643031336134653765333632376364626131343766636431646138373763373864
3739
